-2 12 1
-2 13 1
-2 14 1
-1 16 1
0 7 3
0 8 3
0 9 3
1 6 3
1 7 3
1 18 1
2 6 3
2 18 1
2 19 1
3 5 3
3 6 3
3 19 1
4 5 3
4 19 1
5 4 3
5 19 1
5 20 1
6 4 3
6 20 1
6 21 1
6 23 1
6 24 1
7 3 3
7 4 3
7 11 1
7 12 1
7 13 1
7 20 1
7 21 1
7 24 1
8 3 3
8 9 1
8 10 1
8 13 1
8 14 1
9 3 3
9 8 0
9 9 1
9 14 1
10 3 3
10 7 0
10 8 0
10 9 0
10 10 0
10 25 1
11 3 3
11 13 1
11 14 1
11 15 1
12 3 3
12 9 1
12 10 1
12 13 1
12 14 1
12 26 1
13 3 3
13 9 1
13 26 1
14 3 3
14 9 1
14 26 1
15 3 3
15 26 1
16 4 3
16 26 1
17 4 3
17 26 1
18 4 3
19 4 3
20 5 3
21 5 3
22 5 3
23 5 3
24 5 3
